version https://git-lfs.github.com/spec/v1
oid sha256:8dc30cf3f4eb24179d3f50521b574337f217bf9a52125dc7fc719c3dfb64b484
size 72
