version https://git-lfs.github.com/spec/v1
oid sha256:7e2555980ddf84898bc2a5d2682e7e575b2aa9008c3679b06e1e1c844d91e1a9
size 331
